(kicad_pcb (version 20171130) (host pcbnew 5.0.2-bee76a0~70~ubuntu18.04.1)

  (general
    (thickness 1.6)
    (drawings 4)
    (tracks 0)
    (zones 0)
    (modules 63)
    (nets 59)
  )

  (page A4)
  (layers
    (0 F.Cu signal)
    (31 B.Cu signal)
    (32 B.Adhes user)
    (33 F.Adhes user)
    (34 B.Paste user)
    (35 F.Paste user)
    (36 B.SilkS user)
    (37 F.SilkS user)
    (38 B.Mask user)
    (39 F.Mask user)
    (40 Dwgs.User user)
    (41 Cmts.User user)
    (42 Eco1.User user)
    (43 Eco2.User user)
    (44 Edge.Cuts user)
    (45 Margin user)
    (46 B.CrtYd user)
    (47 F.CrtYd user)
    (48 B.Fab user hide)
    (49 F.Fab user hide)
  )

  (setup
    (last_trace_width 0.25)
    (trace_clearance 0.2)
    (zone_clearance 0.508)
    (zone_45_only no)
    (trace_min 0.2)
    (segment_width 0.2)
    (edge_width 0.15)
    (via_size 0.8)
    (via_drill 0.4)
    (via_min_size 0.4)
    (via_min_drill 0.3)
    (uvia_size 0.3)
    (uvia_drill 0.1)
    (uvias_allowed no)
    (uvia_min_size 0.2)
    (uvia_min_drill 0.1)
    (pcb_text_width 0.3)
    (pcb_text_size 1.5 1.5)
    (mod_edge_width 0.15)
    (mod_text_size 1 1)
    (mod_text_width 0.15)
    (pad_size 1.524 1.524)
    (pad_drill 0.762)
    (pad_to_mask_clearance 0.051)
    (solder_mask_min_width 0.25)
    (aux_axis_origin 0 0)
    (visible_elements FFFFFF7F)
    (pcbplotparams
      (layerselection 0x010fc_ffffffff)
      (usegerberextensions false)
      (usegerberattributes false)
      (usegerberadvancedattributes false)
      (creategerberjobfile false)
      (excludeedgelayer true)
      (linewidth 0.100000)
      (plotframeref false)
      (viasonmask false)
      (mode 1)
      (useauxorigin false)
      (hpglpennumber 1)
      (hpglpenspeed 20)
      (hpglpendiameter 15.000000)
      (psnegative false)
      (psa4output false)
      (plotreference true)
      (plotvalue true)
      (plotinvisibletext false)
      (padsonsilk false)
      (subtractmaskfromsilk false)
      (outputformat 1)
      (mirror false)
      (drillshape 1)
      (scaleselection 1)
      (outputdirectory ""))
  )

  (net 0 "")
  (net 1 AGND)
  (net 2 +5VA)
  (net 3 -5VA)
  (net 4 /XTAL1)
  (net 5 /XTAL2)
  (net 6 +12VA)
  (net 7 -12VA)
  (net 8 +5VD)
  (net 9 "Net-(C10-Pad2)")
  (net 10 "Net-(C11-Pad2)")
  (net 11 "Net-(C12-Pad2)")
  (net 12 /Output_Circuitry/IINB)
  (net 13 /Output_Circuitry/IINA)
  (net 14 "Net-(C18-Pad1)")
  (net 15 /Output_Circuitry/COMP)
  (net 16 /~RESET)
  (net 17 /BTN_COL1)
  (net 18 /SCLK)
  (net 19 /MISO)
  (net 20 /SCL)
  (net 21 /SDA)
  (net 22 /Output_Circuitry/VOUT)
  (net 23 /BTN_ROW0)
  (net 24 /BTN_ROW1)
  (net 25 "Net-(R5-Pad2)")
  (net 26 "Net-(R6-Pad2)")
  (net 27 "Net-(R8-Pad2)")
  (net 28 "Net-(R10-Pad1)")
  (net 29 "Net-(R11-Pad2)")
  (net 30 "Net-(R13-Pad2)")
  (net 31 /Output_Circuitry/BAL1)
  (net 32 /Output_Circuitry/BAL2)
  (net 33 "Net-(R14-Pad2)")
  (net 34 "Net-(R15-Pad1)")
  (net 35 "Net-(R15-Pad2)")
  (net 36 "Net-(R16-Pad2)")
  (net 37 "Net-(R18-Pad1)")
  (net 38 "Net-(RV1-Pad3)")
  (net 39 /BTN_COL0)
  (net 40 "Net-(SW6-PadS1)")
  (net 41 "Net-(SW6-PadS2)")
  (net 42 /FREQ_STEP_B)
  (net 43 /FREQ_STEP_A)
  (net 44 /DAC/DB2)
  (net 45 /DAC/DB1)
  (net 46 /DAC/DB0)
  (net 47 /DAC/SLEEP)
  (net 48 /DAC/CLK)
  (net 49 "Net-(U1-Pad22)")
  (net 50 "Net-(U1-Pad20)")
  (net 51 "Net-(U1-Pad19)")
  (net 52 /DAC/DB7)
  (net 53 /DAC/DB6)
  (net 54 /DAC/DB5)
  (net 55 "Net-(U1-Pad6)")
  (net 56 "Net-(U1-Pad3)")
  (net 57 /DAC/DB4)
  (net 58 /DAC/DB3)

  (net_class Default "This is the default net class."
    (clearance 0.2)
    (trace_width 0.25)
    (via_dia 0.8)
    (via_drill 0.4)
    (uvia_dia 0.3)
    (uvia_drill 0.1)
    (add_net +12VA)
    (add_net +5VA)
    (add_net +5VD)
    (add_net -12VA)
    (add_net -5VA)
    (add_net /BTN_COL0)
    (add_net /BTN_COL1)
    (add_net /BTN_ROW0)
    (add_net /BTN_ROW1)
    (add_net /DAC/CLK)
    (add_net /DAC/DB0)
    (add_net /DAC/DB1)
    (add_net /DAC/DB2)
    (add_net /DAC/DB3)
    (add_net /DAC/DB4)
    (add_net /DAC/DB5)
    (add_net /DAC/DB6)
    (add_net /DAC/DB7)
    (add_net /DAC/SLEEP)
    (add_net /FREQ_STEP_A)
    (add_net /FREQ_STEP_B)
    (add_net /MISO)
    (add_net /Output_Circuitry/BAL1)
    (add_net /Output_Circuitry/BAL2)
    (add_net /Output_Circuitry/COMP)
    (add_net /Output_Circuitry/IINA)
    (add_net /Output_Circuitry/IINB)
    (add_net /Output_Circuitry/VOUT)
    (add_net /SCL)
    (add_net /SCLK)
    (add_net /SDA)
    (add_net /XTAL1)
    (add_net /XTAL2)
    (add_net /~RESET)
    (add_net AGND)
    (add_net "Net-(C10-Pad2)")
    (add_net "Net-(C11-Pad2)")
    (add_net "Net-(C12-Pad2)")
    (add_net "Net-(C18-Pad1)")
    (add_net "Net-(R10-Pad1)")
    (add_net "Net-(R11-Pad2)")
    (add_net "Net-(R13-Pad2)")
    (add_net "Net-(R14-Pad2)")
    (add_net "Net-(R15-Pad1)")
    (add_net "Net-(R15-Pad2)")
    (add_net "Net-(R16-Pad2)")
    (add_net "Net-(R18-Pad1)")
    (add_net "Net-(R5-Pad2)")
    (add_net "Net-(R6-Pad2)")
    (add_net "Net-(R8-Pad2)")
    (add_net "Net-(RV1-Pad3)")
    (add_net "Net-(SW6-PadS1)")
    (add_net "Net-(SW6-PadS2)")
    (add_net "Net-(U1-Pad19)")
    (add_net "Net-(U1-Pad20)")
    (add_net "Net-(U1-Pad22)")
    (add_net "Net-(U1-Pad3)")
    (add_net "Net-(U1-Pad6)")
  )

  (module Housings_QFP:TQFP-32_7x7mm_Pitch0.8mm (layer F.Cu) (tedit 5C452296) (tstamp 5C484540)
    (at 120.142 113.792 180)
    (descr "32-Lead Plastic Thin Quad Flatpack (PT) - 7x7x1.0 mm Body, 2.00 mm [TQFP] (see Microchip Packaging Specification 00000049BS.pdf)")
    (tags "QFP 0.8")
    (path /5C0E0D7F)
    (attr smd)
    (fp_text reference U1 (at 0 -6.05 180) (layer F.SilkS)
      (effects (font (size 1 1) (thickness 0.15)))
    )
    (fp_text value ATmega328PB-AU (at 0 6.05 180) (layer F.Fab)
      (effects (font (size 1 1) (thickness 0.15)))
    )
    (fp_line (start -3.625 -3.4) (end -5.05 -3.4) (layer F.SilkS) (width 0.15))
    (fp_line (start 3.625 -3.625) (end 3.3 -3.625) (layer F.SilkS) (width 0.15))
    (fp_line (start 3.625 3.625) (end 3.3 3.625) (layer F.SilkS) (width 0.15))
    (fp_line (start -3.625 3.625) (end -3.3 3.625) (layer F.SilkS) (width 0.15))
    (fp_line (start -3.625 -3.625) (end -3.3 -3.625) (layer F.SilkS) (width 0.15))
    (fp_line (start -3.625 3.625) (end -3.625 3.3) (layer F.SilkS) (width 0.15))
    (fp_line (start 3.625 3.625) (end 3.625 3.3) (layer F.SilkS) (width 0.15))
    (fp_line (start 3.625 -3.625) (end 3.625 -3.3) (layer F.SilkS) (width 0.15))
    (fp_line (start -3.625 -3.625) (end -3.625 -3.4) (layer F.SilkS) (width 0.15))
    (fp_line (start -5.3 5.3) (end 5.3 5.3) (layer F.CrtYd) (width 0.05))
    (fp_line (start -5.3 -5.3) (end 5.3 -5.3) (layer F.CrtYd) (width 0.05))
    (fp_line (start 5.3 -5.3) (end 5.3 5.3) (layer F.CrtYd) (width 0.05))
    (fp_line (start -5.3 -5.3) (end -5.3 5.3) (layer F.CrtYd) (width 0.05))
    (fp_line (start -3.5 -2.5) (end -2.5 -3.5) (layer F.Fab) (width 0.15))
    (fp_line (start -3.5 3.5) (end -3.5 -2.5) (layer F.Fab) (width 0.15))
    (fp_line (start 3.5 3.5) (end -3.5 3.5) (layer F.Fab) (width 0.15))
    (fp_line (start 3.5 -3.5) (end 3.5 3.5) (layer F.Fab) (width 0.15))
    (fp_line (start -2.5 -3.5) (end 3.5 -3.5) (layer F.Fab) (width 0.15))
    (fp_text user %R (at 0 0 180) (layer F.Fab)
      (effects (font (size 1 1) (thickness 0.15)))
    )
    (pad 32 smd rect (at -2.8 -4.25 270) (size 1.6 0.55) (layers F.Cu F.Paste F.Mask)
      (net 44 /DAC/DB2))
    (pad 31 smd rect (at -2 -4.25 270) (size 1.6 0.55) (layers F.Cu F.Paste F.Mask)
      (net 45 /DAC/DB1))
    (pad 30 smd rect (at -1.2 -4.25 270) (size 1.6 0.55) (layers F.Cu F.Paste F.Mask)
      (net 46 /DAC/DB0))
    (pad 29 smd rect (at -0.4 -4.25 270) (size 1.6 0.55) (layers F.Cu F.Paste F.Mask)
      (net 16 /~RESET))
    (pad 28 smd rect (at 0.4 -4.25 270) (size 1.6 0.55) (layers F.Cu F.Paste F.Mask)
      (net 20 /SCL))
    (pad 27 smd rect (at 1.2 -4.25 270) (size 1.6 0.55) (layers F.Cu F.Paste F.Mask)
      (net 21 /SDA))
    (pad 26 smd rect (at 2 -4.25 270) (size 1.6 0.55) (layers F.Cu F.Paste F.Mask)
      (net 47 /DAC/SLEEP))
    (pad 25 smd rect (at 2.8 -4.25 270) (size 1.6 0.55) (layers F.Cu F.Paste F.Mask)
      (net 48 /DAC/CLK))
    (pad 24 smd rect (at 4.25 -2.8 180) (size 1.6 0.55) (layers F.Cu F.Paste F.Mask)
      (net 43 /FREQ_STEP_A))
    (pad 23 smd rect (at 4.25 -2 180) (size 1.6 0.55) (layers F.Cu F.Paste F.Mask)
      (net 42 /FREQ_STEP_B))
    (pad 22 smd rect (at 4.25 -1.2 180) (size 1.6 0.55) (layers F.Cu F.Paste F.Mask)
      (net 49 "Net-(U1-Pad22)"))
    (pad 21 smd rect (at 4.25 -0.4 180) (size 1.6 0.55) (layers F.Cu F.Paste F.Mask)
      (net 1 AGND))
    (pad 20 smd rect (at 4.25 0.4 180) (size 1.6 0.55) (layers F.Cu F.Paste F.Mask)
      (net 50 "Net-(U1-Pad20)"))
    (pad 19 smd rect (at 4.25 1.2 180) (size 1.6 0.55) (layers F.Cu F.Paste F.Mask)
      (net 51 "Net-(U1-Pad19)"))
    (pad 18 smd rect (at 4.25 2 180) (size 1.6 0.55) (layers F.Cu F.Paste F.Mask)
      (net 8 +5VD))
    (pad 17 smd rect (at 4.25 2.8 180) (size 1.6 0.55) (layers F.Cu F.Paste F.Mask)
      (net 18 /SCLK))
    (pad 16 smd rect (at 2.8 4.25 270) (size 1.6 0.55) (layers F.Cu F.Paste F.Mask)
      (net 19 /MISO))
    (pad 15 smd rect (at 2 4.25 270) (size 1.6 0.55) (layers F.Cu F.Paste F.Mask)
      (net 17 /BTN_COL1))
    (pad 14 smd rect (at 1.2 4.25 270) (size 1.6 0.55) (layers F.Cu F.Paste F.Mask)
      (net 39 /BTN_COL0))
    (pad 13 smd rect (at 0.4 4.25 270) (size 1.6 0.55) (layers F.Cu F.Paste F.Mask)
      (net 24 /BTN_ROW1))
    (pad 12 smd rect (at -0.4 4.25 270) (size 1.6 0.55) (layers F.Cu F.Paste F.Mask)
      (net 23 /BTN_ROW0))
    (pad 11 smd rect (at -1.2 4.25 270) (size 1.6 0.55) (layers F.Cu F.Paste F.Mask)
      (net 52 /DAC/DB7))
    (pad 10 smd rect (at -2 4.25 270) (size 1.6 0.55) (layers F.Cu F.Paste F.Mask)
      (net 53 /DAC/DB6))
    (pad 9 smd rect (at -2.8 4.25 270) (size 1.6 0.55) (layers F.Cu F.Paste F.Mask)
      (net 54 /DAC/DB5))
    (pad 8 smd rect (at -4.25 2.8 180) (size 1.6 0.55) (layers F.Cu F.Paste F.Mask)
      (net 5 /XTAL2))
    (pad 7 smd rect (at -4.25 2 180) (size 1.6 0.55) (layers F.Cu F.Paste F.Mask)
      (net 4 /XTAL1))
    (pad 6 smd rect (at -4.25 1.2 180) (size 1.6 0.55) (layers F.Cu F.Paste F.Mask)
      (net 55 "Net-(U1-Pad6)"))
    (pad 5 smd rect (at -4.25 0.4 180) (size 1.6 0.55) (layers F.Cu F.Paste F.Mask)
      (net 1 AGND))
    (pad 4 smd rect (at -4.25 -0.4 180) (size 1.6 0.55) (layers F.Cu F.Paste F.Mask)
      (net 8 +5VD))
    (pad 3 smd rect (at -4.25 -1.2 180) (size 1.6 0.55) (layers F.Cu F.Paste F.Mask)
      (net 56 "Net-(U1-Pad3)"))
    (pad 2 smd rect (at -4.25 -2 180) (size 1.6 0.55) (layers F.Cu F.Paste F.Mask)
      (net 57 /DAC/DB4))
    (pad 1 smd rect (at -4.25 -2.8 180) (size 1.6 0.55) (layers F.Cu F.Paste F.Mask)
      (net 58 /DAC/DB3))
    (model ${KISYS3DMOD}/Housings_QFP.3dshapes/TQFP-32_7x7mm_Pitch0.8mm.wrl
      (at (xyz 0 0 0))
      (scale (xyz 1 1 1))
      (rotate (xyz 0 0 0))
    )
    (model ${KISYS3DMOD}/Package_QFP.3dshapes/TQFP-32_7x7mm_P0.8mm.wrl
      (at (xyz 0 0 0))
      (scale (xyz 1 1 1))
      (rotate (xyz 0 0 0))
    )
  )

  (module Capacitors_SMD:C_1206_HandSoldering (layer F.Cu) (tedit 5C45214D) (tstamp 5C4845EC)
    (at 110.109 111.887 270)
    (descr "Capacitor SMD 1206, hand soldering")
    (tags "capacitor 1206")
    (path /5C0E1E46)
    (attr smd)
    (fp_text reference C9 (at 0 -1.75 270) (layer F.SilkS)
      (effects (font (size 1 1) (thickness 0.15)))
    )
    (fp_text value 100nF (at 0 2 270) (layer F.Fab)
      (effects (font (size 1 1) (thickness 0.15)))
    )
    (fp_text user %R (at 0 -1.75 270) (layer F.Fab)
      (effects (font (size 1 1) (thickness 0.15)))
    )
    (fp_line (start -1.6 0.8) (end -1.6 -0.8) (layer F.Fab) (width 0.1))
    (fp_line (start 1.6 0.8) (end -1.6 0.8) (layer F.Fab) (width 0.1))
    (fp_line (start 1.6 -0.8) (end 1.6 0.8) (layer F.Fab) (width 0.1))
    (fp_line (start -1.6 -0.8) (end 1.6 -0.8) (layer F.Fab) (width 0.1))
    (fp_line (start 1 -1.02) (end -1 -1.02) (layer F.SilkS) (width 0.12))
    (fp_line (start -1 1.02) (end 1 1.02) (layer F.SilkS) (width 0.12))
    (fp_line (start -3.25 -1.05) (end 3.25 -1.05) (layer F.CrtYd) (width 0.05))
    (fp_line (start -3.25 -1.05) (end -3.25 1.05) (layer F.CrtYd) (width 0.05))
    (fp_line (start 3.25 1.05) (end 3.25 -1.05) (layer F.CrtYd) (width 0.05))
    (fp_line (start 3.25 1.05) (end -3.25 1.05) (layer F.CrtYd) (width 0.05))
    (pad 1 smd rect (at -2 0 270) (size 2 1.6) (layers F.Cu F.Paste F.Mask)
      (net 8 +5VD))
    (pad 2 smd rect (at 2 0 270) (size 2 1.6) (layers F.Cu F.Paste F.Mask)
      (net 1 AGND))
    (model Capacitors_SMD.3dshapes/C_1206.wrl
      (at (xyz 0 0 0))
      (scale (xyz 1 1 1))
      (rotate (xyz 0 0 0))
    )
    (model ${KISYS3DMOD}/Capacitor_SMD.3dshapes/C_1206_3216Metric.wrl
      (at (xyz 0 0 0))
      (scale (xyz 1 1 1))
      (rotate (xyz 0 0 0))
    )
  )

  (module Capacitors_SMD:CP_Elec_4x5.3 (layer B.Cu) (tedit 58AA85FB) (tstamp 5C45C8F4)
    (at 155.194 87.249 270)
    (descr "SMT capacitor, aluminium electrolytic, 4x5.3")
    (path /5C0E0533)
    (attr smd)
    (fp_text reference C1 (at 0 -3.54 270) (layer B.SilkS)
      (effects (font (size 1 1) (thickness 0.15)) (justify mirror))
    )
    (fp_text value 10uF/16V (at 0 3.54 270) (layer B.Fab)
      (effects (font (size 1 1) (thickness 0.15)) (justify mirror))
    )
    (fp_line (start 3.35 -2.38) (end -3.35 -2.38) (layer B.CrtYd) (width 0.05))
    (fp_line (start 3.35 -2.38) (end 3.35 2.39) (layer B.CrtYd) (width 0.05))
    (fp_line (start -3.35 2.39) (end -3.35 -2.38) (layer B.CrtYd) (width 0.05))
    (fp_line (start -3.35 2.39) (end 3.35 2.39) (layer B.CrtYd) (width 0.05))
    (fp_line (start -1.52 2.29) (end -2.29 1.52) (layer B.SilkS) (width 0.12))
    (fp_line (start -1.52 2.29) (end 2.29 2.29) (layer B.SilkS) (width 0.12))
    (fp_line (start -1.52 -2.29) (end -2.29 -1.52) (layer B.SilkS) (width 0.12))
    (fp_line (start -1.52 -2.29) (end 2.29 -2.29) (layer B.SilkS) (width 0.12))
    (fp_line (start -2.29 -1.52) (end -2.29 -1.12) (layer B.SilkS) (width 0.12))
    (fp_line (start 2.29 -2.29) (end 2.29 -1.12) (layer B.SilkS) (width 0.12))
    (fp_line (start 2.29 2.29) (end 2.29 1.12) (layer B.SilkS) (width 0.12))
    (fp_line (start -2.29 1.52) (end -2.29 1.12) (layer B.SilkS) (width 0.12))
    (fp_line (start 2.13 2.13) (end -1.46 2.13) (layer B.Fab) (width 0.1))
    (fp_line (start -1.46 2.13) (end -2.13 1.46) (layer B.Fab) (width 0.1))
    (fp_line (start -2.13 1.46) (end -2.13 -1.46) (layer B.Fab) (width 0.1))
    (fp_line (start -2.13 -1.46) (end -1.46 -2.13) (layer B.Fab) (width 0.1))
    (fp_line (start -1.46 -2.13) (end 2.13 -2.13) (layer B.Fab) (width 0.1))
    (fp_line (start 2.13 -2.13) (end 2.13 2.13) (layer B.Fab) (width 0.1))
    (fp_text user %R (at 0 -3.54 270) (layer B.Fab)
      (effects (font (size 1 1) (thickness 0.15)) (justify mirror))
    )
    (fp_text user + (at -2.77 -2.01 270) (layer B.SilkS)
      (effects (font (size 1 1) (thickness 0.15)) (justify mirror))
    )
    (fp_text user + (at -1.21 0.08 270) (layer B.Fab)
      (effects (font (size 1 1) (thickness 0.15)) (justify mirror))
    )
    (fp_circle (center 0 0) (end 0 -2.1) (layer B.Fab) (width 0.1))
    (pad 2 smd rect (at 1.8 0 90) (size 2.6 1.6) (layers B.Cu B.Paste B.Mask)
      (net 1 AGND))
    (pad 1 smd rect (at -1.8 0 90) (size 2.6 1.6) (layers B.Cu B.Paste B.Mask)
      (net 2 +5VA))
    (model Capacitors_SMD.3dshapes/CP_Elec_4x5.3.wrl
      (at (xyz 0 0 0))
      (scale (xyz 1 1 1))
      (rotate (xyz 0 0 180))
    )
  )

  (module Capacitors_SMD:CP_Elec_4x5.3 (layer B.Cu) (tedit 58AA85FB) (tstamp 5C45C609)
    (at 155.194 72.009 270)
    (descr "SMT capacitor, aluminium electrolytic, 4x5.3")
    (path /5C1BA25D)
    (attr smd)
    (fp_text reference C2 (at 0 -3.54 270) (layer B.SilkS)
      (effects (font (size 1 1) (thickness 0.15)) (justify mirror))
    )
    (fp_text value 10uF/16V (at 0 3.54 270) (layer B.Fab)
      (effects (font (size 1 1) (thickness 0.15)) (justify mirror))
    )
    (fp_circle (center 0 0) (end 0 -2.1) (layer B.Fab) (width 0.1))
    (fp_text user + (at -1.21 0.08 270) (layer B.Fab)
      (effects (font (size 1 1) (thickness 0.15)) (justify mirror))
    )
    (fp_text user + (at -2.77 -2.01 270) (layer B.SilkS)
      (effects (font (size 1 1) (thickness 0.15)) (justify mirror))
    )
    (fp_text user %R (at 0 -3.54 270) (layer B.Fab)
      (effects (font (size 1 1) (thickness 0.15)) (justify mirror))
    )
    (fp_line (start 2.13 -2.13) (end 2.13 2.13) (layer B.Fab) (width 0.1))
    (fp_line (start -1.46 -2.13) (end 2.13 -2.13) (layer B.Fab) (width 0.1))
    (fp_line (start -2.13 -1.46) (end -1.46 -2.13) (layer B.Fab) (width 0.1))
    (fp_line (start -2.13 1.46) (end -2.13 -1.46) (layer B.Fab) (width 0.1))
    (fp_line (start -1.46 2.13) (end -2.13 1.46) (layer B.Fab) (width 0.1))
    (fp_line (start 2.13 2.13) (end -1.46 2.13) (layer B.Fab) (width 0.1))
    (fp_line (start -2.29 1.52) (end -2.29 1.12) (layer B.SilkS) (width 0.12))
    (fp_line (start 2.29 2.29) (end 2.29 1.12) (layer B.SilkS) (width 0.12))
    (fp_line (start 2.29 -2.29) (end 2.29 -1.12) (layer B.SilkS) (width 0.12))
    (fp_line (start -2.29 -1.52) (end -2.29 -1.12) (layer B.SilkS) (width 0.12))
    (fp_line (start -1.52 -2.29) (end 2.29 -2.29) (layer B.SilkS) (width 0.12))
    (fp_line (start -1.52 -2.29) (end -2.29 -1.52) (layer B.SilkS) (width 0.12))
    (fp_line (start -1.52 2.29) (end 2.29 2.29) (layer B.SilkS) (width 0.12))
    (fp_line (start -1.52 2.29) (end -2.29 1.52) (layer B.SilkS) (width 0.12))
    (fp_line (start -3.35 2.39) (end 3.35 2.39) (layer B.CrtYd) (width 0.05))
    (fp_line (start -3.35 2.39) (end -3.35 -2.38) (layer B.CrtYd) (width 0.05))
    (fp_line (start 3.35 -2.38) (end 3.35 2.39) (layer B.CrtYd) (width 0.05))
    (fp_line (start 3.35 -2.38) (end -3.35 -2.38) (layer B.CrtYd) (width 0.05))
    (pad 1 smd rect (at -1.8 0 90) (size 2.6 1.6) (layers B.Cu B.Paste B.Mask)
      (net 1 AGND))
    (pad 2 smd rect (at 1.8 0 90) (size 2.6 1.6) (layers B.Cu B.Paste B.Mask)
      (net 3 -5VA))
    (model Capacitors_SMD.3dshapes/CP_Elec_4x5.3.wrl
      (at (xyz 0 0 0))
      (scale (xyz 1 1 1))
      (rotate (xyz 0 0 180))
    )
  )

  (module Capacitors_SMD:C_1206_HandSoldering (layer B.Cu) (tedit 58AA84D1) (tstamp 5C48468E)
    (at 136.652 114.681 90)
    (descr "Capacitor SMD 1206, hand soldering")
    (tags "capacitor 1206")
    (path /5C0E7D8C)
    (attr smd)
    (fp_text reference C3 (at 0 1.75 90) (layer B.SilkS)
      (effects (font (size 1 1) (thickness 0.15)) (justify mirror))
    )
    (fp_text value 22pF (at 0 -2 90) (layer B.Fab)
      (effects (font (size 1 1) (thickness 0.15)) (justify mirror))
    )
    (fp_text user %R (at 0 1.75 90) (layer B.Fab)
      (effects (font (size 1 1) (thickness 0.15)) (justify mirror))
    )
    (fp_line (start -1.6 -0.8) (end -1.6 0.8) (layer B.Fab) (width 0.1))
    (fp_line (start 1.6 -0.8) (end -1.6 -0.8) (layer B.Fab) (width 0.1))
    (fp_line (start 1.6 0.8) (end 1.6 -0.8) (layer B.Fab) (width 0.1))
    (fp_line (start -1.6 0.8) (end 1.6 0.8) (layer B.Fab) (width 0.1))
    (fp_line (start 1 1.02) (end -1 1.02) (layer B.SilkS) (width 0.12))
    (fp_line (start -1 -1.02) (end 1 -1.02) (layer B.SilkS) (width 0.12))
    (fp_line (start -3.25 1.05) (end 3.25 1.05) (layer B.CrtYd) (width 0.05))
    (fp_line (start -3.25 1.05) (end -3.25 -1.05) (layer B.CrtYd) (width 0.05))
    (fp_line (start 3.25 -1.05) (end 3.25 1.05) (layer B.CrtYd) (width 0.05))
    (fp_line (start 3.25 -1.05) (end -3.25 -1.05) (layer B.CrtYd) (width 0.05))
    (pad 1 smd rect (at -2 0 90) (size 2 1.6) (layers B.Cu B.Paste B.Mask)
      (net 4 /XTAL1))
    (pad 2 smd rect (at 2 0 90) (size 2 1.6) (layers B.Cu B.Paste B.Mask)
      (net 1 AGND))
    (model Capacitors_SMD.3dshapes/C_1206.wrl
      (at (xyz 0 0 0))
      (scale (xyz 1 1 1))
      (rotate (xyz 0 0 0))
    )
  )

  (module Capacitors_SMD:C_1206_HandSoldering (layer B.Cu) (tedit 58AA84D1) (tstamp 5C4846BE)
    (at 136.652 108.077 270)
    (descr "Capacitor SMD 1206, hand soldering")
    (tags "capacitor 1206")
    (path /5C0E87F1)
    (attr smd)
    (fp_text reference C4 (at 0 1.75 270) (layer B.SilkS)
      (effects (font (size 1 1) (thickness 0.15)) (justify mirror))
    )
    (fp_text value 22pF (at 0 -2 270) (layer B.Fab)
      (effects (font (size 1 1) (thickness 0.15)) (justify mirror))
    )
    (fp_line (start 3.25 -1.05) (end -3.25 -1.05) (layer B.CrtYd) (width 0.05))
    (fp_line (start 3.25 -1.05) (end 3.25 1.05) (layer B.CrtYd) (width 0.05))
    (fp_line (start -3.25 1.05) (end -3.25 -1.05) (layer B.CrtYd) (width 0.05))
    (fp_line (start -3.25 1.05) (end 3.25 1.05) (layer B.CrtYd) (width 0.05))
    (fp_line (start -1 -1.02) (end 1 -1.02) (layer B.SilkS) (width 0.12))
    (fp_line (start 1 1.02) (end -1 1.02) (layer B.SilkS) (width 0.12))
    (fp_line (start -1.6 0.8) (end 1.6 0.8) (layer B.Fab) (width 0.1))
    (fp_line (start 1.6 0.8) (end 1.6 -0.8) (layer B.Fab) (width 0.1))
    (fp_line (start 1.6 -0.8) (end -1.6 -0.8) (layer B.Fab) (width 0.1))
    (fp_line (start -1.6 -0.8) (end -1.6 0.8) (layer B.Fab) (width 0.1))
    (fp_text user %R (at 0 1.75 270) (layer B.Fab)
      (effects (font (size 1 1) (thickness 0.15)) (justify mirror))
    )
    (pad 2 smd rect (at 2 0 270) (size 2 1.6) (layers B.Cu B.Paste B.Mask)
      (net 1 AGND))
    (pad 1 smd rect (at -2 0 270) (size 2 1.6) (layers B.Cu B.Paste B.Mask)
      (net 5 /XTAL2))
    (model Capacitors_SMD.3dshapes/C_1206.wrl
      (at (xyz 0 0 0))
      (scale (xyz 1 1 1))
      (rotate (xyz 0 0 0))
    )
  )

  (module Capacitors_SMD:CP_Elec_4x5.3 (layer B.Cu) (tedit 58AA85FB) (tstamp 5C45C9D5)
    (at 166.116 87.249 270)
    (descr "SMT capacitor, aluminium electrolytic, 4x5.3")
    (path /5C0DE0C0)
    (attr smd)
    (fp_text reference C5 (at 0 -3.54 270) (layer B.SilkS)
      (effects (font (size 1 1) (thickness 0.15)) (justify mirror))
    )
    (fp_text value 10uF/16V (at 0 3.54 270) (layer B.Fab)
      (effects (font (size 1 1) (thickness 0.15)) (justify mirror))
    )
    (fp_line (start 3.35 -2.38) (end -3.35 -2.38) (layer B.CrtYd) (width 0.05))
    (fp_line (start 3.35 -2.38) (end 3.35 2.39) (layer B.CrtYd) (width 0.05))
    (fp_line (start -3.35 2.39) (end -3.35 -2.38) (layer B.CrtYd) (width 0.05))
    (fp_line (start -3.35 2.39) (end 3.35 2.39) (layer B.CrtYd) (width 0.05))
    (fp_line (start -1.52 2.29) (end -2.29 1.52) (layer B.SilkS) (width 0.12))
    (fp_line (start -1.52 2.29) (end 2.29 2.29) (layer B.SilkS) (width 0.12))
    (fp_line (start -1.52 -2.29) (end -2.29 -1.52) (layer B.SilkS) (width 0.12))
    (fp_line (start -1.52 -2.29) (end 2.29 -2.29) (layer B.SilkS) (width 0.12))
    (fp_line (start -2.29 -1.52) (end -2.29 -1.12) (layer B.SilkS) (width 0.12))
    (fp_line (start 2.29 -2.29) (end 2.29 -1.12) (layer B.SilkS) (width 0.12))
    (fp_line (start 2.29 2.29) (end 2.29 1.12) (layer B.SilkS) (width 0.12))
    (fp_line (start -2.29 1.52) (end -2.29 1.12) (layer B.SilkS) (width 0.12))
    (fp_line (start 2.13 2.13) (end -1.46 2.13) (layer B.Fab) (width 0.1))
    (fp_line (start -1.46 2.13) (end -2.13 1.46) (layer B.Fab) (width 0.1))
    (fp_line (start -2.13 1.46) (end -2.13 -1.46) (layer B.Fab) (width 0.1))
    (fp_line (start -2.13 -1.46) (end -1.46 -2.13) (layer B.Fab) (width 0.1))
    (fp_line (start -1.46 -2.13) (end 2.13 -2.13) (layer B.Fab) (width 0.1))
    (fp_line (start 2.13 -2.13) (end 2.13 2.13) (layer B.Fab) (width 0.1))
    (fp_text user %R (at 0 -3.54 270) (layer B.Fab)
      (effects (font (size 1 1) (thickness 0.15)) (justify mirror))
    )
    (fp_text user + (at -2.77 -2.01 270) (layer B.SilkS)
      (effects (font (size 1 1) (thickness 0.15)) (justify mirror))
    )
    (fp_text user + (at -1.21 0.08 270) (layer B.Fab)
      (effects (font (size 1 1) (thickness 0.15)) (justify mirror))
    )
    (fp_circle (center 0 0) (end 0 -2.1) (layer B.Fab) (width 0.1))
    (pad 2 smd rect (at 1.8 0 90) (size 2.6 1.6) (layers B.Cu B.Paste B.Mask)
      (net 1 AGND))
    (pad 1 smd rect (at -1.8 0 90) (size 2.6 1.6) (layers B.Cu B.Paste B.Mask)
      (net 6 +12VA))
    (model Capacitors_SMD.3dshapes/CP_Elec_4x5.3.wrl
      (at (xyz 0 0 0))
      (scale (xyz 1 1 1))
      (rotate (xyz 0 0 180))
    )
  )

  (module Capacitors_SMD:CP_Elec_4x5.3 (layer B.Cu) (tedit 58AA85FB) (tstamp 5C45CF03)
    (at 166.116 72.009 270)
    (descr "SMT capacitor, aluminium electrolytic, 4x5.3")
    (path /5C0DE278)
    (attr smd)
    (fp_text reference C6 (at 0 -3.54 270) (layer B.SilkS)
      (effects (font (size 1 1) (thickness 0.15)) (justify mirror))
    )
    (fp_text value 10uF/16V (at 0 3.54 270) (layer B.Fab)
      (effects (font (size 1 1) (thickness 0.15)) (justify mirror))
    )
    (fp_circle (center 0 0) (end 0 -2.1) (layer B.Fab) (width 0.1))
    (fp_text user + (at -1.21 0.08 270) (layer B.Fab)
      (effects (font (size 1 1) (thickness 0.15)) (justify mirror))
    )
    (fp_text user + (at -2.77 -2.01 270) (layer B.SilkS)
      (effects (font (size 1 1) (thickness 0.15)) (justify mirror))
    )
    (fp_text user %R (at 0 -3.54 270) (layer B.Fab)
      (effects (font (size 1 1) (thickness 0.15)) (justify mirror))
    )
    (fp_line (start 2.13 -2.13) (end 2.13 2.13) (layer B.Fab) (width 0.1))
    (fp_line (start -1.46 -2.13) (end 2.13 -2.13) (layer B.Fab) (width 0.1))
    (fp_line (start -2.13 -1.46) (end -1.46 -2.13) (layer B.Fab) (width 0.1))
    (fp_line (start -2.13 1.46) (end -2.13 -1.46) (layer B.Fab) (width 0.1))
    (fp_line (start -1.46 2.13) (end -2.13 1.46) (layer B.Fab) (width 0.1))
    (fp_line (start 2.13 2.13) (end -1.46 2.13) (layer B.Fab) (width 0.1))
    (fp_line (start -2.29 1.52) (end -2.29 1.12) (layer B.SilkS) (width 0.12))
    (fp_line (start 2.29 2.29) (end 2.29 1.12) (layer B.SilkS) (width 0.12))
    (fp_line (start 2.29 -2.29) (end 2.29 -1.12) (layer B.SilkS) (width 0.12))
    (fp_line (start -2.29 -1.52) (end -2.29 -1.12) (layer B.SilkS) (width 0.12))
    (fp_line (start -1.52 -2.29) (end 2.29 -2.29) (layer B.SilkS) (width 0.12))
    (fp_line (start -1.52 -2.29) (end -2.29 -1.52) (layer B.SilkS) (width 0.12))
    (fp_line (start -1.52 2.29) (end 2.29 2.29) (layer B.SilkS) (width 0.12))
    (fp_line (start -1.52 2.29) (end -2.29 1.52) (layer B.SilkS) (width 0.12))
    (fp_line (start -3.35 2.39) (end 3.35 2.39) (layer B.CrtYd) (width 0.05))
    (fp_line (start -3.35 2.39) (end -3.35 -2.38) (layer B.CrtYd) (width 0.05))
    (fp_line (start 3.35 -2.38) (end 3.35 2.39) (layer B.CrtYd) (width 0.05))
    (fp_line (start 3.35 -2.38) (end -3.35 -2.38) (layer B.CrtYd) (width 0.05))
    (pad 1 smd rect (at -1.8 0 90) (size 2.6 1.6) (layers B.Cu B.Paste B.Mask)
      (net 1 AGND))
    (pad 2 smd rect (at 1.8 0 90) (size 2.6 1.6) (layers B.Cu B.Paste B.Mask)
      (net 7 -12VA))
    (model Capacitors_SMD.3dshapes/CP_Elec_4x5.3.wrl
      (at (xyz 0 0 0))
      (scale (xyz 1 1 1))
      (rotate (xyz 0 0 180))
    )
  )

  (module Capacitors_SMD:CP_Elec_4x5.3 (layer B.Cu) (tedit 58AA85FB) (tstamp 5C45CB37)
    (at 143.869 79.756 180)
    (descr "SMT capacitor, aluminium electrolytic, 4x5.3")
    (path /5C1CA02F)
    (attr smd)
    (fp_text reference C7 (at 0 -3.54 180) (layer B.SilkS)
      (effects (font (size 1 1) (thickness 0.15)) (justify mirror))
    )
    (fp_text value 10uF/16V (at 0 3.54 180) (layer B.Fab)
      (effects (font (size 1 1) (thickness 0.15)) (justify mirror))
    )
    (fp_line (start 3.35 -2.38) (end -3.35 -2.38) (layer B.CrtYd) (width 0.05))
    (fp_line (start 3.35 -2.38) (end 3.35 2.39) (layer B.CrtYd) (width 0.05))
    (fp_line (start -3.35 2.39) (end -3.35 -2.38) (layer B.CrtYd) (width 0.05))
    (fp_line (start -3.35 2.39) (end 3.35 2.39) (layer B.CrtYd) (width 0.05))
    (fp_line (start -1.52 2.29) (end -2.29 1.52) (layer B.SilkS) (width 0.12))
    (fp_line (start -1.52 2.29) (end 2.29 2.29) (layer B.SilkS) (width 0.12))
    (fp_line (start -1.52 -2.29) (end -2.29 -1.52) (layer B.SilkS) (width 0.12))
    (fp_line (start -1.52 -2.29) (end 2.29 -2.29) (layer B.SilkS) (width 0.12))
    (fp_line (start -2.29 -1.52) (end -2.29 -1.12) (layer B.SilkS) (width 0.12))
    (fp_line (start 2.29 -2.29) (end 2.29 -1.12) (layer B.SilkS) (width 0.12))
    (fp_line (start 2.29 2.29) (end 2.29 1.12) (layer B.SilkS) (width 0.12))
    (fp_line (start -2.29 1.52) (end -2.29 1.12) (layer B.SilkS) (width 0.12))
    (fp_line (start 2.13 2.13) (end -1.46 2.13) (layer B.Fab) (width 0.1))
    (fp_line (start -1.46 2.13) (end -2.13 1.46) (layer B.Fab) (width 0.1))
    (fp_line (start -2.13 1.46) (end -2.13 -1.46) (layer B.Fab) (width 0.1))
    (fp_line (start -2.13 -1.46) (end -1.46 -2.13) (layer B.Fab) (width 0.1))
    (fp_line (start -1.46 -2.13) (end 2.13 -2.13) (layer B.Fab) (width 0.1))
    (fp_line (start 2.13 -2.13) (end 2.13 2.13) (layer B.Fab) (width 0.1))
    (fp_text user %R (at 0 -3.54 180) (layer B.Fab)
      (effects (font (size 1 1) (thickness 0.15)) (justify mirror))
    )
    (fp_text user + (at -2.77 -2.01 180) (layer B.SilkS)
      (effects (font (size 1 1) (thickness 0.15)) (justify mirror))
    )
    (fp_text user + (at -1.21 0.08 180) (layer B.Fab)
      (effects (font (size 1 1) (thickness 0.15)) (justify mirror))
    )
    (fp_circle (center 0 0) (end 0 -2.1) (layer B.Fab) (width 0.1))
    (pad 2 smd rect (at 1.8 0) (size 2.6 1.6) (layers B.Cu B.Paste B.Mask)
      (net 1 AGND))
    (pad 1 smd rect (at -1.8 0) (size 2.6 1.6) (layers B.Cu B.Paste B.Mask)
      (net 8 +5VD))
    (model Capacitors_SMD.3dshapes/CP_Elec_4x5.3.wrl
      (at (xyz 0 0 0))
      (scale (xyz 1 1 1))
      (rotate (xyz 0 0 180))
    )
  )

  (module Capacitors_SMD:C_1206_HandSoldering (layer F.Cu) (tedit 58AA84D1) (tstamp 5C4845BC)
    (at 128.651 112.141 90)
    (descr "Capacitor SMD 1206, hand soldering")
    (tags "capacitor 1206")
    (path /5C0E350C)
    (attr smd)
    (fp_text reference C8 (at 0 -1.75 90) (layer F.SilkS)
      (effects (font (size 1 1) (thickness 0.15)))
    )
    (fp_text value 100nF (at 0 2 90) (layer F.Fab)
      (effects (font (size 1 1) (thickness 0.15)))
    )
    (fp_line (start 3.25 1.05) (end -3.25 1.05) (layer F.CrtYd) (width 0.05))
    (fp_line (start 3.25 1.05) (end 3.25 -1.05) (layer F.CrtYd) (width 0.05))
    (fp_line (start -3.25 -1.05) (end -3.25 1.05) (layer F.CrtYd) (width 0.05))
    (fp_line (start -3.25 -1.05) (end 3.25 -1.05) (layer F.CrtYd) (width 0.05))
    (fp_line (start -1 1.02) (end 1 1.02) (layer F.SilkS) (width 0.12))
    (fp_line (start 1 -1.02) (end -1 -1.02) (layer F.SilkS) (width 0.12))
    (fp_line (start -1.6 -0.8) (end 1.6 -0.8) (layer F.Fab) (width 0.1))
    (fp_line (start 1.6 -0.8) (end 1.6 0.8) (layer F.Fab) (width 0.1))
    (fp_line (start 1.6 0.8) (end -1.6 0.8) (layer F.Fab) (width 0.1))
    (fp_line (start -1.6 0.8) (end -1.6 -0.8) (layer F.Fab) (width 0.1))
    (fp_text user %R (at 0 -1.75 90) (layer F.Fab)
      (effects (font (size 1 1) (thickness 0.15)))
    )
    (pad 2 smd rect (at 2 0 90) (size 2 1.6) (layers F.Cu F.Paste F.Mask)
      (net 1 AGND))
    (pad 1 smd rect (at -2 0 90) (size 2 1.6) (layers F.Cu F.Paste F.Mask)
      (net 8 +5VD))
    (model Capacitors_SMD.3dshapes/C_1206.wrl
      (at (xyz 0 0 0))
      (scale (xyz 1 1 1))
      (rotate (xyz 0 0 0))
    )
  )

  (module Capacitors_SMD:C_1206_HandSoldering (layer F.Cu) (tedit 58AA84D1) (tstamp 5C45CF49)
    (at 162.052 114.427 180)
    (descr "Capacitor SMD 1206, hand soldering")
    (tags "capacitor 1206")
    (path /5C0F9652/5C23CBA5)
    (attr smd)
    (fp_text reference C10 (at 0 -1.75 180) (layer F.SilkS)
      (effects (font (size 1 1) (thickness 0.15)))
    )
    (fp_text value 100nF (at 0 2 180) (layer F.Fab)
      (effects (font (size 1 1) (thickness 0.15)))
    )
    (fp_text user %R (at 0 -1.75 180) (layer F.Fab)
      (effects (font (size 1 1) (thickness 0.15)))
    )
    (fp_line (start -1.6 0.8) (end -1.6 -0.8) (layer F.Fab) (width 0.1))
    (fp_line (start 1.6 0.8) (end -1.6 0.8) (layer F.Fab) (width 0.1))
    (fp_line (start 1.6 -0.8) (end 1.6 0.8) (layer F.Fab) (width 0.1))
    (fp_line (start -1.6 -0.8) (end 1.6 -0.8) (layer F.Fab) (width 0.1))
    (fp_line (start 1 -1.02) (end -1 -1.02) (layer F.SilkS) (width 0.12))
    (fp_line (start -1 1.02) (end 1 1.02) (layer F.SilkS) (width 0.12))
    (fp_line (start -3.25 -1.05) (end 3.25 -1.05) (layer F.CrtYd) (width 0.05))
    (fp_line (start -3.25 -1.05) (end -3.25 1.05) (layer F.CrtYd) (width 0.05))
    (fp_line (start 3.25 1.05) (end 3.25 -1.05) (layer F.CrtYd) (width 0.05))
    (fp_line (start 3.25 1.05) (end -3.25 1.05) (layer F.CrtYd) (width 0.05))
    (pad 1 smd rect (at -2 0 180) (size 2 1.6) (layers F.Cu F.Paste F.Mask)
      (net 1 AGND))
    (pad 2 smd rect (at 2 0 180) (size 2 1.6) (layers F.Cu F.Paste F.Mask)
      (net 9 "Net-(C10-Pad2)"))
    (model Capacitors_SMD.3dshapes/C_1206.wrl
      (at (xyz 0 0 0))
      (scale (xyz 1 1 1))
      (rotate (xyz 0 0 0))
    )
  )

  (module Capacitors_SMD:C_1206_HandSoldering (layer F.Cu) (tedit 58AA84D1) (tstamp 5C46E161)
    (at 162.02 121.285 180)
    (descr "Capacitor SMD 1206, hand soldering")
    (tags "capacitor 1206")
    (path /5C0F9652/5C23D059)
    (attr smd)
    (fp_text reference C11 (at 0 -1.75 180) (layer F.SilkS)
      (effects (font (size 1 1) (thickness 0.15)))
    )
    (fp_text value 100nF (at 0 2 180) (layer F.Fab)
      (effects (font (size 1 1) (thickness 0.15)))
    )
    (fp_line (start 3.25 1.05) (end -3.25 1.05) (layer F.CrtYd) (width 0.05))
    (fp_line (start 3.25 1.05) (end 3.25 -1.05) (layer F.CrtYd) (width 0.05))
    (fp_line (start -3.25 -1.05) (end -3.25 1.05) (layer F.CrtYd) (width 0.05))
    (fp_line (start -3.25 -1.05) (end 3.25 -1.05) (layer F.CrtYd) (width 0.05))
    (fp_line (start -1 1.02) (end 1 1.02) (layer F.SilkS) (width 0.12))
    (fp_line (start 1 -1.02) (end -1 -1.02) (layer F.SilkS) (width 0.12))
    (fp_line (start -1.6 -0.8) (end 1.6 -0.8) (layer F.Fab) (width 0.1))
    (fp_line (start 1.6 -0.8) (end 1.6 0.8) (layer F.Fab) (width 0.1))
    (fp_line (start 1.6 0.8) (end -1.6 0.8) (layer F.Fab) (width 0.1))
    (fp_line (start -1.6 0.8) (end -1.6 -0.8) (layer F.Fab) (width 0.1))
    (fp_text user %R (at 0 -1.75 180) (layer F.Fab)
      (effects (font (size 1 1) (thickness 0.15)))
    )
    (pad 2 smd rect (at 2 0 180) (size 2 1.6) (layers F.Cu F.Paste F.Mask)
      (net 10 "Net-(C11-Pad2)"))
    (pad 1 smd rect (at -2 0 180) (size 2 1.6) (layers F.Cu F.Paste F.Mask)
      (net 1 AGND))
    (model Capacitors_SMD.3dshapes/C_1206.wrl
      (at (xyz 0 0 0))
      (scale (xyz 1 1 1))
      (rotate (xyz 0 0 0))
    )
  )

  (module Capacitors_SMD:C_1206_HandSoldering (layer F.Cu) (tedit 58AA84D1) (tstamp 5C46E131)
    (at 162.02 116.713 180)
    (descr "Capacitor SMD 1206, hand soldering")
    (tags "capacitor 1206")
    (path /5C0F9652/5C23EDF5)
    (attr smd)
    (fp_text reference C12 (at 0 -1.75 180) (layer F.SilkS)
      (effects (font (size 1 1) (thickness 0.15)))
    )
    (fp_text value 100nF (at 0 2 180) (layer F.Fab)
      (effects (font (size 1 1) (thickness 0.15)))
    )
    (fp_text user %R (at 0 -1.75 180) (layer F.Fab)
      (effects (font (size 1 1) (thickness 0.15)))
    )
    (fp_line (start -1.6 0.8) (end -1.6 -0.8) (layer F.Fab) (width 0.1))
    (fp_line (start 1.6 0.8) (end -1.6 0.8) (layer F.Fab) (width 0.1))
    (fp_line (start 1.6 -0.8) (end 1.6 0.8) (layer F.Fab) (width 0.1))
    (fp_line (start -1.6 -0.8) (end 1.6 -0.8) (layer F.Fab) (width 0.1))
    (fp_line (start 1 -1.02) (end -1 -1.02) (layer F.SilkS) (width 0.12))
    (fp_line (start -1 1.02) (end 1 1.02) (layer F.SilkS) (width 0.12))
    (fp_line (start -3.25 -1.05) (end 3.25 -1.05) (layer F.CrtYd) (width 0.05))
    (fp_line (start -3.25 -1.05) (end -3.25 1.05) (layer F.CrtYd) (width 0.05))
    (fp_line (start 3.25 1.05) (end 3.25 -1.05) (layer F.CrtYd) (width 0.05))
    (fp_line (start 3.25 1.05) (end -3.25 1.05) (layer F.CrtYd) (width 0.05))
    (pad 1 smd rect (at -2 0 180) (size 2 1.6) (layers F.Cu F.Paste F.Mask)
      (net 2 +5VA))
    (pad 2 smd rect (at 2 0 180) (size 2 1.6) (layers F.Cu F.Paste F.Mask)
      (net 11 "Net-(C12-Pad2)"))
    (model Capacitors_SMD.3dshapes/C_1206.wrl
      (at (xyz 0 0 0))
      (scale (xyz 1 1 1))
      (rotate (xyz 0 0 0))
    )
  )

  (module Capacitors_SMD:C_1206_HandSoldering (layer F.Cu) (tedit 58AA84D1) (tstamp 5C46EC05)
    (at 169.164 111.887 270)
    (descr "Capacitor SMD 1206, hand soldering")
    (tags "capacitor 1206")
    (path /5C1B9FC2/5C1EB4DF)
    (attr smd)
    (fp_text reference C13 (at 0 -1.75 270) (layer F.SilkS)
      (effects (font (size 1 1) (thickness 0.15)))
    )
    (fp_text value 2.2nF (at 0 2 270) (layer F.Fab)
      (effects (font (size 1 1) (thickness 0.15)))
    )
    (fp_line (start 3.25 1.05) (end -3.25 1.05) (layer F.CrtYd) (width 0.05))
    (fp_line (start 3.25 1.05) (end 3.25 -1.05) (layer F.CrtYd) (width 0.05))
    (fp_line (start -3.25 -1.05) (end -3.25 1.05) (layer F.CrtYd) (width 0.05))
    (fp_line (start -3.25 -1.05) (end 3.25 -1.05) (layer F.CrtYd) (width 0.05))
    (fp_line (start -1 1.02) (end 1 1.02) (layer F.SilkS) (width 0.12))
    (fp_line (start 1 -1.02) (end -1 -1.02) (layer F.SilkS) (width 0.12))
    (fp_line (start -1.6 -0.8) (end 1.6 -0.8) (layer F.Fab) (width 0.1))
    (fp_line (start 1.6 -0.8) (end 1.6 0.8) (layer F.Fab) (width 0.1))
    (fp_line (start 1.6 0.8) (end -1.6 0.8) (layer F.Fab) (width 0.1))
    (fp_line (start -1.6 0.8) (end -1.6 -0.8) (layer F.Fab) (width 0.1))
    (fp_text user %R (at 0 -1.75 270) (layer F.Fab)
      (effects (font (size 1 1) (thickness 0.15)))
    )
    (pad 2 smd rect (at 2 0 270) (size 2 1.6) (layers F.Cu F.Paste F.Mask)
      (net 12 /Output_Circuitry/IINB))
    (pad 1 smd rect (at -2 0 270) (size 2 1.6) (layers F.Cu F.Paste F.Mask)
      (net 13 /Output_Circuitry/IINA))
    (model Capacitors_SMD.3dshapes/C_1206.wrl
      (at (xyz 0 0 0))
      (scale (xyz 1 1 1))
      (rotate (xyz 0 0 0))
    )
  )

  (module Capacitors_Tantalum_SMD:CP_Tantalum_Case-A_EIA-3216-18_Hand (layer B.Cu) (tedit 58CC8C08) (tstamp 5C482BF9)
    (at 178.562 118.745 180)
    (descr "Tantalum capacitor, Case A, EIA 3216-18, 3.2x1.6x1.6mm, Hand soldering footprint")
    (tags "capacitor tantalum smd")
    (path /5C1B9FC2/5C1F3694)
    (attr smd)
    (fp_text reference C14 (at 0 2.55 180) (layer B.SilkS)
      (effects (font (size 1 1) (thickness 0.15)) (justify mirror))
    )
    (fp_text value 4.7uF/16V (at 0 -2.55 180) (layer B.Fab)
      (effects (font (size 1 1) (thickness 0.15)) (justify mirror))
    )
    (fp_line (start -3.9 1.05) (end -3.9 -1.05) (layer B.SilkS) (width 0.12))
    (fp_line (start -3.9 -1.05) (end 1.6 -1.05) (layer B.SilkS) (width 0.12))
    (fp_line (start -3.9 1.05) (end 1.6 1.05) (layer B.SilkS) (width 0.12))
    (fp_line (start -1.12 0.8) (end -1.12 -0.8) (layer B.Fab) (width 0.1))
    (fp_line (start -1.28 0.8) (end -1.28 -0.8) (layer B.Fab) (width 0.1))
    (fp_line (start 1.6 0.8) (end -1.6 0.8) (layer B.Fab) (width 0.1))
    (fp_line (start 1.6 -0.8) (end 1.6 0.8) (layer B.Fab) (width 0.1))
    (fp_line (start -1.6 -0.8) (end 1.6 -0.8) (layer B.Fab) (width 0.1))
    (fp_line (start -1.6 0.8) (end -1.6 -0.8) (layer B.Fab) (width 0.1))
    (fp_line (start 4 1.2) (end -4 1.2) (layer B.CrtYd) (width 0.05))
    (fp_line (start 4 -1.2) (end 4 1.2) (layer B.CrtYd) (width 0.05))
    (fp_line (start -4 -1.2) (end 4 -1.2) (layer B.CrtYd) (width 0.05))
    (fp_line (start -4 1.2) (end -4 -1.2) (layer B.CrtYd) (width 0.05))
    (fp_text user %R (at 0 0 180) (layer B.Fab)
      (effects (font (size 0.7 0.7) (thickness 0.105)) (justify mirror))
    )
    (pad 2 smd rect (at 2 0 180) (size 3.2 1.5) (layers B.Cu B.Paste B.Mask)
      (net 3 -5VA))
    (pad 1 smd rect (at -2 0 180) (size 3.2 1.5) (layers B.Cu B.Paste B.Mask)
      (net 1 AGND))
    (model Capacitors_Tantalum_SMD.3dshapes/CP_Tantalum_Case-A_EIA-3216-18.wrl
      (at (xyz 0 0 0))
